[6751, 193, 542, 5118]
F-1 = 0.94837
F-B = 0.96253
SEN = 0.97221
SPE = 0.90424
BAC = 0.93822
ACC = 0.94169
PPV = 0.92568
NPV = 0.96366
