[6242, 702, 294, 5366]
F-1 = 0.92611
F-B = 0.90959
SEN = 0.89891
SPE = 0.94806
BAC = 0.92348
ACC = 0.92098
PPV = 0.95502
NPV = 0.88431
