[5626, 1318, 571, 5089]
F-1 = 0.85625
F-B = 0.82801
SEN = 0.8102
SPE = 0.89912
BAC = 0.85466
ACC = 0.85013
PPV = 0.90786
NPV = 0.79429
