[6728, 216, 165, 5495]
F-1 = 0.97247
F-B = 0.97032
SEN = 0.96889
SPE = 0.97085
BAC = 0.96987
ACC = 0.96977
PPV = 0.97606
NPV = 0.96218
