[6660, 284, 249, 5411]
F-1 = 0.96152
F-B = 0.96007
SEN = 0.9591
SPE = 0.95601
BAC = 0.95755
ACC = 0.95771
PPV = 0.96396
NPV = 0.95013
